NACA 4408                                       
 Alfa =   8.00000 Re =        0.000 Xflap,Yflap =     0.000000    0.000000
#    x        y        Cp  
   1.00000  0.00084  0.34087
   0.99438  0.00211  0.17460
   0.98348  0.00454  0.09210
   0.97046  0.00739  0.02956
   0.95659  0.01037 -0.02224
   0.94247  0.01334 -0.06629
   0.92829  0.01625 -0.10602
   0.91408  0.01911 -0.14101
   0.89985  0.02190 -0.17308
   0.88561  0.02463 -0.20528
   0.87136  0.02730 -0.23414
   0.85709  0.02991 -0.26179
   0.84281  0.03246 -0.28878
   0.82852  0.03494 -0.31458
   0.81422  0.03736 -0.34039
   0.79991  0.03972 -0.36443
   0.78560  0.04202 -0.38909
   0.77127  0.04426 -0.41217
   0.75693  0.04643 -0.43525
   0.74258  0.04854 -0.45897
   0.72823  0.05059 -0.48206
   0.71387  0.05257 -0.50414
   0.69950  0.05449 -0.52615
   0.68512  0.05635 -0.54937
   0.67074  0.05814 -0.57119
   0.65635  0.05986 -0.59378
   0.64196  0.06152 -0.61575
   0.62756  0.06312 -0.63810
   0.61316  0.06464 -0.66034
   0.59876  0.06610 -0.68349
   0.58435  0.06749 -0.70626
   0.56994  0.06881 -0.73002
   0.55552  0.07006 -0.75250
   0.54111  0.07123 -0.77671
   0.52669  0.07234 -0.80118
   0.51227  0.07337 -0.82620
   0.49786  0.07432 -0.85115
   0.48344  0.07520 -0.87740
   0.46903  0.07599 -0.90440
   0.45462  0.07671 -0.93305
   0.44021  0.07735 -0.96216
   0.42581  0.07791 -0.99431
   0.41143  0.07838 -1.02889
   0.39711  0.07876 -1.07330
   0.38291  0.07901 -1.11411
   0.36875  0.07912 -1.14832
   0.35460  0.07908 -1.18160
   0.34047  0.07889 -1.21272
   0.32636  0.07855 -1.24328
   0.31226  0.07806 -1.27330
   0.29817  0.07742 -1.30261
   0.28412  0.07662 -1.33181
   0.27008  0.07565 -1.36079
   0.25607  0.07452 -1.38997
   0.24210  0.07323 -1.41917
   0.22816  0.07177 -1.44855
   0.21427  0.07013 -1.47864
   0.20042  0.06831 -1.50968
   0.18662  0.06631 -1.54264
   0.17288  0.06412 -1.57621
   0.15922  0.06174 -1.61298
   0.14563  0.05916 -1.65231
   0.13214  0.05637 -1.69583
   0.11876  0.05337 -1.74506
   0.10552  0.05014 -1.80103
   0.09245  0.04669 -1.86754
   0.07960  0.04299 -1.94795
   0.06705  0.03906 -2.04722
   0.05493  0.03489 -2.17524
   0.04351  0.03055 -2.34239
   0.03322  0.02619 -2.56253
   0.02457  0.02206 -2.84409
   0.01782  0.01840 -3.18384
   0.01277  0.01527 -3.57456
   0.00902  0.01260 -4.01448
   0.00620  0.01026 -4.50032
   0.00406  0.00817 -5.03248
   0.00244  0.00623 -5.59186
   0.00126  0.00441 -6.10864
   0.00048  0.00266 -6.43468
   0.00007  0.00099 -6.29217
   0.00003 -0.00059 -5.54204
   0.00037 -0.00219 -4.10523
   0.00117 -0.00377 -2.30375
   0.00244 -0.00525 -0.83729
   0.00415 -0.00661  0.08388
   0.00634 -0.00787  0.59499
   0.00909 -0.00905  0.85588
   0.01255 -0.01018  0.97103
   0.01702 -0.01126  0.99998
   0.02288 -0.01229  0.97679
   0.03063 -0.01322  0.92350
   0.04049 -0.01394  0.85754
   0.05217 -0.01438  0.79342
   0.06504 -0.01449  0.73795
   0.07858 -0.01434  0.69275
   0.09249 -0.01398  0.65589
   0.10664 -0.01346  0.62602
   0.12095 -0.01281  0.60145
   0.13538 -0.01207  0.58072
   0.14990 -0.01127  0.56354
   0.16448 -0.01041  0.54863
   0.17913 -0.00953  0.53599
   0.19382 -0.00863  0.52475
   0.20852 -0.00773  0.51511
   0.22321 -0.00683  0.50604
   0.23787 -0.00595  0.49844
   0.25251 -0.00509  0.49126
   0.26713 -0.00426  0.48450
   0.28173 -0.00346  0.47832
   0.29631 -0.00270  0.47242
   0.31088 -0.00198  0.46652
   0.32543 -0.00131  0.46077
   0.33998 -0.00068  0.45535
   0.35451 -0.00011  0.44911
   0.36904  0.00041  0.44346
   0.38356  0.00087  0.43646
   0.39811  0.00127  0.42781
   0.41278  0.00163  0.41835
   0.42749  0.00199  0.41127
   0.44221  0.00234  0.40552
   0.45692  0.00268  0.39921
   0.47162  0.00300  0.39448
   0.48632  0.00332  0.38901
   0.50102  0.00362  0.38489
   0.51571  0.00390  0.37968
   0.53039  0.00416  0.37580
   0.54507  0.00441  0.37176
   0.55974  0.00463  0.36702
   0.57441  0.00483  0.36327
   0.58908  0.00501  0.35920
   0.60374  0.00517  0.35575
   0.61841  0.00530  0.35086
   0.63306  0.00541  0.34777
   0.64772  0.00550  0.34317
   0.66237  0.00555  0.34027
   0.67703  0.00558  0.33474
   0.69168  0.00558  0.33188
   0.70632  0.00556  0.32721
   0.72097  0.00551  0.32390
   0.73562  0.00543  0.31893
   0.75026  0.00532  0.31505
   0.76491  0.00518  0.31018
   0.77955  0.00501  0.30651
   0.79419  0.00482  0.30205
   0.80884  0.00460  0.29717
   0.82348  0.00434  0.29276
   0.83812  0.00406  0.28751
   0.85277  0.00376  0.28285
   0.86741  0.00342  0.27778
   0.88205  0.00305  0.27413
   0.89670  0.00266  0.26728
   0.91134  0.00224  0.26297
   0.92599  0.00180  0.25840
   0.94062  0.00133  0.25343
   0.95520  0.00083  0.25027
   0.96954  0.00032  0.24798
   0.98300 -0.00018  0.24907
   0.99423 -0.00061  0.26715
   1.00000 -0.00084  0.34087
